
 ref1_len=2000075  ref1 var num = 2469 Var rate = 0.0012344537


 ref2_len=2000000  ref2 var num = 2344 Var rate = 0.0011720000


 Ref_len =2000000  all  var num = 3605 Var rate = 0.0018025000 chged_files = 0

