
 ref1_len=2000075  ref1 var num = 3518 Var rate = 0.0017589340


 ref2_len=2000000  ref2 var num = 3406 Var rate = 0.0017030000


 Ref_len =2000000  all  var num = 5205 Var rate = 0.0026025000 chged_files = 1600

