
 ref1_len=2000150  ref1 var num = 3523 Var rate = 0.0017613679


 ref2_len=2000000  ref2 var num = 3406 Var rate = 0.0017030000


 Ref_len =2000000  all  var num = 5210 Var rate = 0.0026050000 chged_files = 0

