
 ref1_len=2000150  ref1 var num = 4046 Var rate = 0.0020228483


 ref2_len=2000000  ref2 var num = 3951 Var rate = 0.0019755000


 Ref_len =2000000  all  var num = 6010 Var rate = 0.0030050000 chged_files = 800

