
 ref1_len=2000285  ref1 var num = 4069 Var rate = 0.0020342101


 ref2_len=2000000  ref2 var num = 3964 Var rate = 0.0019820000


 Ref_len =2000000  all  var num = 6039 Var rate = 0.0030195000 chged_files = 0

